4 4 4 4 4 4 4 4 4 4 3 0 0 0 0 0 0 0 0 0 0 3 4 4 4 4 4 4 4 4 4 4
4 4 4 4 4 4 4 4 4 4 3 0 0 0 0 0 0 0 0 0 0 3 4 4 4 4 4 4 4 4 4 4
4 4 4 4 4 4 4 4 4 4 3 0 0 0 0 0 0 0 0 0 0 3 4 4 4 4 4 4 4 4 4 4
4 4 4 4 4 4 4 4 4 4 3 0 0 0 0 0 0 0 0 0 0 3 4 4 4 4 4 4 4 4 4 4
4 4 4 4 4 4 4 4 4 4 3 0 0 0 0 0 0 0 0 0 0 3 4 4 4 4 4 4 4 4 4 4
4 4 4 4 4 4 4 4 4 4 3 0 0 0 0 0 0 0 0 0 0 3 4 4 4 4 4 4 4 4 4 4
4 4 4 4 4 4 4 4 4 4 3 0 0 0 0 0 0 0 0 0 0 3 4 4 4 4 4 4 4 4 4 4
4 4 4 4 4 4 4 4 4 4 3 0 0 0 0 0 0 0 0 0 0 3 4 4 4 4 4 4 4 4 4 4
4 4 4 4 4 4 4 4 4 4 3 0 0 0 0 0 0 0 0 0 0 3 4 4 4 4 4 4 4 4 4 4
4 4 4 4 4 4 4 4 4 4 3 0 0 0 0 0 0 0 0 0 0 3 4 4 4 4 4 4 4 4 4 4
4 4 4 4 4 4 4 4 4 4 3 0 0 0 0 0 0 0 0 0 0 3 4 4 4 4 4 4 4 4 4 4
4 4 4 4 4 4 4 4 4 4 3 0 0 0 0 0 0 0 0 0 0 3 4 4 4 4 4 4 4 4 4 4
4 4 4 4 4 4 4 4 4 4 3 0 0 0 0 0 0 0 0 0 0 3 4 4 4 4 4 4 4 4 4 4
4 4 4 4 4 4 4 4 4 4 3 0 0 0 0 0 0 0 0 0 0 3 4 4 4 4 4 4 4 4 4 4
4 4 4 4 4 4 4 4 4 4 3 0 0 0 0 0 0 0 0 0 0 3 4 4 4 4 4 4 4 4 4 4
4 4 4 4 4 4 4 4 4 4 3 0 0 0 0 0 0 0 0 0 0 3 4 4 4 4 4 4 4 4 4 4
4 4 4 4 4 4 4 4 4 4 3 0 0 0 0 0 0 0 0 0 0 3 4 4 4 4 4 4 4 4 4 4
4 4 4 4 4 4 4 4 4 4 3 0 0 0 0 0 0 0 0 0 0 3 4 4 4 4 4 4 4 4 4 4
4 4 4 4 4 4 4 4 4 4 3 0 0 0 0 0 0 0 0 0 0 3 4 4 4 4 4 4 4 4 4 4
4 4 4 4 4 4 4 4 4 4 3 0 0 0 0 0 0 0 0 0 0 3 4 4 4 4 4 4 4 4 4 4
1 1 1 1 1 1 1 1 1 1 1 1 1 1 1 1 1 1 1 1 1 1 1 1 1 1 1 1 1 1 1 1
1 1 1 1 1 1 1 1 1 1 1 1 1 1 1 1 1 1 1 1 1 1 1 1 1 1 1 1 1 1 1 1
1 1 1 1 1 1 1 1 1 1 1 1 1 1 1 1 1 1 1 1 1 1 1 1 1 1 1 1 1 1 1 1
1 1 1 1 1 1 1 1 1 1 1 1 1 1 1 1 1 1 1 1 1 1 1 1 1 1 1 1 1 1 1 1